43 43 43 43 43 43 43 43 43 43 43 43 43 43 43 43 43 43 43 43 43 43 43 43 43 43 43 43 43 43 43 43 43 43 43 43 43 43 43 43 43 43 43 43 43 43 43 43 43 43 
43 43 43 43 43 43 43 43 43 43 43 43 43 43 43 43 43 43 43 43 43 43 43 43 43 43 43 43 43 43 43 43 43 43 43 43 43 43 43 43 43 43 43 43 43 43 43 43 43 43 
43 43 43 43 43 43 43 43 43 43 43 43 43 43 43 43 43 43 43 43 43 43 43 43 43 43 43 43 43 43 43 43 43 43 43 43 43 43 43 43 43 43 43 43 43 43 43 43 43 43 
43 43 43 43 43 43 43 43 43 43 43 43 43 43 43 43 43 43 43 43 43 43 43 43 43 43 43 43 43 43 43 43 43 43 43 43 43 43 43 43 43 43 43 43 43 43 43 43 43 43 
43 43 43 43 43 43 43 43 43 43 43 43 43 43 43 43 43 43 43 43 43 43 43 43 43 43 43 43 43 43 43 43 43 43 43 43 43 43 43 43 43 43 43 43 43 43 43 43 43 43 
43 43 43 43 43 43 43 43 43 43 43 43 43 43 43 43 43 43 43 43 43 43 43 43 43 43 43 43 43 43 43 43 43 43 43 43 43 43 43 43 43 43 43 43 43 43 43 43 43 43 
43 43 43 43 43 43 43 43 43 43 43 43 43 43 43 43 43 43 43 43 43 43 43 43 43 43 43 43 43 43 43 43 43 43 43 43 43 43 43 43 43 43 43 43 43 43 43 43 43 43 
43 43 43 43 43 43 43 43 43 43 43 43 43 43 43 43 43 43 43 43 43 43 43 43 43 43 43 43 43 43 43 43 43 43 43 43 43 43 43 43 43 43 43 43 43 43 43 43 43 43 
43 43 43 43 43 43 43 43 43 43 43 43 43 43 43 43 43 43 43 43 43 43 43 43 43 43 43 43 43 43 43 43 43 43 43 43 43 43 43 43 43 43 43 43 43 43 43 43 43 43 
43 43 43 43 43 43 43 43 43 43 43 43 43 43 43 43 43 43 43 43 43 43 43 43 43 43 43 43 43 43 43 43 43 43 43 43 43 43 43 43 43 43 43 43 43 43 43 43 43 43 
43 43 43 43 43 43 43 43 43 43 43 43 43 43 43 43 43 43 43 43 43 43 43 43 43 43 43 43 43 43 43 43 43 43 43 43 43 43 43 43 43 43 43 43 43 43 43 43 43 43 
43 43 43 43 43 43 43 43 43 43 43 43 43 104 104 104 104 104 104 104 104 43 43 43 43 43 43 43 43 43 43 43 43 43 43 43 43 43 43 43 43 43 43 43 43 43 43 43 43 43 
43 43 43 43 43 43 43 43 43 43 43 43 49 115 50 51 50 51 106 51 51 53 43 43 130 43 133 43 134 43 49 51 50 50 106 50 50 106 50 53 43 43 43 43 43 43 43 43 43 43 
43 43 43 43 43 43 43 43 43 43 43 43 60 61 88 127 88 88 127 88 63 64 43 134 43 135 43 43 130 43 60 61 62 62 127 62 62 127 63 66 43 43 43 43 43 43 43 43 43 43 
43 43 43 43 43 43 43 43 43 43 43 43 60 68 43 43 43 43 43 43 74 64 43 135 43 43 135 133 43 43 60 72 43 43 43 43 43 129 65 66 43 43 43 43 43 43 43 43 43 43 
43 43 43 43 43 43 43 43 43 43 43 43 60 68 43 43 43 43 43 43 74 64 43 43 134 43 133 43 135 43 60 72 43 43 55 56 43 43 65 66 43 43 43 43 43 43 43 43 43 43 
43 43 43 43 43 43 43 43 43 43 43 43 60 68 43 43 43 43 43 129 74 64 133 43 130 43 43 43 43 43 60 72 43 43 66 67 43 43 65 66 43 43 43 43 43 43 43 43 43 43 
43 43 43 43 43 43 43 43 43 43 43 43 82 56 57 43 43 43 43 43 74 64 40 40 41 41 49 50 53 41 60 72 43 43 77 78 43 43 65 66 43 43 43 43 43 43 43 43 43 43 
43 43 43 43 43 43 43 43 43 43 43 43 43 60 68 43 43 43 43 43 74 77 51 51 106 51 78 43 77 51 78 72 43 43 43 43 43 43 65 66 43 43 43 43 43 43 43 43 43 43 
43 43 43 43 43 43 43 43 43 43 43 43 43 60 68 43 43 43 43 43 87 88 88 88 127 88 88 88 88 88 88 90 43 43 43 43 43 43 65 66 43 43 43 43 43 43 43 43 43 43 
43 43 43 43 43 43 43 43 43 43 43 43 43 60 68 43 43 43 43 43 43 43 43 43 43 43 43 43 43 43 43 43 43 43 43 43 43 43 65 66 43 43 43 43 43 43 43 43 43 43 
43 43 43 43 43 43 43 43 43 43 43 43 43 82 84 85 83 84 85 56 57 43 43 43 43 43 43 43 43 54 55 83 84 56 57 43 43 43 65 66 43 43 43 43 43 43 43 43 43 43 
43 43 43 43 43 43 43 43 43 43 43 43 43 43 43 43 43 43 43 67 72 129 54 55 83 84 85 83 84 85 86 43 43 82 83 56 57 43 65 66 43 43 43 43 43 43 43 43 43 43 
43 43 43 43 43 43 43 43 43 43 43 43 43 43 43 43 43 43 43 82 83 84 85 86 43 43 43 43 43 43 43 133 43 43 43 60 68 43 65 66 43 43 43 43 43 43 43 43 43 43 
43 43 43 43 43 43 43 43 43 43 43 43 43 43 43 43 43 43 43 43 43 43 43 43 43 43 43 43 130 43 43 133 43 131 43 60 68 43 65 66 43 43 43 43 43 43 43 43 43 43 
43 43 43 43 43 43 43 43 43 43 43 43 43 43 43 43 43 43 43 43 43 43 43 43 130 43 43 43 43 134 43 43 135 134 131 60 68 43 65 66 43 43 43 43 43 43 43 43 43 43 
43 43 43 43 43 43 43 43 43 43 43 43 43 43 43 43 43 43 43 43 43 43 43 43 43 43 43 43 43 43 130 131 43 43 43 60 68 43 65 66 43 43 43 43 43 43 43 43 43 43 
43 43 43 43 43 43 43 43 43 43 43 43 43 43 43 43 43 43 43 43 43 49 52 106 52 52 53 43 43 131 43 43 135 49 52 78 68 43 65 66 43 43 43 43 43 43 43 43 43 43 
43 43 43 43 43 43 43 43 43 43 43 43 43 43 43 43 43 43 43 43 43 60 61 127 62 63 64 43 43 43 43 43 43 60 61 88 90 43 65 66 43 43 43 43 43 43 43 43 43 43 
43 43 43 43 43 43 43 43 43 43 43 43 43 49 51 51 51 51 51 53 43 60 68 43 129 74 77 51 51 51 106 51 51 78 72 43 43 43 65 66 43 43 43 43 43 43 43 43 43 43 
43 43 43 43 43 43 43 43 43 43 43 43 43 60 32 32 32 32 32 64 43 60 68 43 43 87 88 88 88 88 127 88 88 89 90 43 43 43 65 66 43 43 43 43 43 43 43 43 43 43 
43 43 43 43 43 43 43 43 43 43 43 43 43 60 32 17 17 17 32 64 43 60 68 43 43 43 43 43 43 43 43 43 43 43 43 43 43 43 65 66 43 43 43 43 43 43 43 43 43 43 
43 43 43 43 43 43 43 43 43 43 43 43 43 60 32 17 36 17 32 64 43 60 68 43 43 43 43 43 43 43 43 43 43 43 43 43 43 43 65 66 43 43 43 43 43 43 43 43 43 43 
43 43 43 43 43 43 43 43 43 43 43 43 43 60 32 17 17 17 32 64 41 60 68 43 43 43 43 54 55 83 85 56 43 43 43 43 43 54 55 43 43 43 43 43 43 43 43 43 43 43 
43 43 43 43 43 43 43 43 43 43 43 43 43 60 32 32 17 32 32 77 106 78 68 43 43 43 43 65 64 133 137 60 43 43 43 129 54 55 43 132 43 137 43 43 43 43 43 43 43 43 
43 43 43 43 43 43 43 43 43 43 43 43 43 82 84 56 43 43 43 43 89 89 90 43 43 43 43 65 64 104 40 60 43 43 54 55 85 43 136 43 133 43 43 43 43 43 43 43 43 43 
43 43 43 43 43 43 43 43 43 43 43 43 43 43 43 60 43 43 43 43 43 43 43 43 43 43 43 65 77 115 51 78 43 43 65 64 43 132 132 43 43 136 43 43 43 43 43 43 43 43 
43 43 43 43 43 43 43 43 43 43 43 43 43 43 43 82 83 83 83 83 83 56 57 43 43 43 43 87 88 127 88 90 43 43 43 64 130 137 43 135 132 43 43 43 43 43 43 43 43 43 
43 43 43 43 43 43 43 43 43 43 43 43 43 43 43 43 43 43 43 43 43 43 86 84 85 83 85 83 84 85 83 84 85 83 84 86 43 43 43 43 43 43 43 43 43 43 43 43 43 43 
43 43 43 43 43 43 43 43 43 43 43 43 43 43 43 43 43 43 43 43 43 43 43 43 43 43 43 43 43 43 43 43 43 43 43 43 43 43 43 43 43 43 43 43 43 43 43 43 43 43 
43 43 43 43 43 43 43 43 43 43 43 43 43 43 43 43 43 43 43 43 43 43 43 43 43 43 43 43 43 43 43 43 43 43 43 43 43 43 43 43 43 43 43 43 43 43 43 43 43 43 
43 43 43 43 43 43 43 43 43 43 43 43 43 43 43 43 43 43 43 43 43 43 43 43 43 43 43 43 43 43 43 43 43 43 43 43 43 43 43 43 43 43 43 43 43 43 43 43 43 43 
43 43 43 43 43 43 43 43 43 43 43 43 43 43 43 43 43 43 43 43 43 43 43 43 43 43 43 43 43 43 43 43 43 43 43 43 43 43 43 43 43 43 43 43 43 43 43 43 43 43 
43 43 43 43 43 43 43 43 43 43 43 43 43 43 43 43 43 43 43 43 43 43 43 43 43 43 43 43 43 43 43 43 43 43 43 43 43 43 43 43 43 43 43 43 43 43 43 43 43 43 
43 43 43 43 43 43 43 43 43 43 43 43 43 43 43 43 43 43 43 43 43 43 43 43 43 43 43 43 43 43 43 43 43 43 43 43 43 43 43 43 43 43 43 43 43 43 43 43 43 43 
43 43 43 43 43 43 43 43 43 43 43 43 43 43 43 43 43 43 43 43 43 43 43 43 43 43 43 43 43 43 43 43 43 43 43 43 43 43 43 43 43 43 43 43 43 43 43 43 43 43 
43 43 43 43 43 43 43 43 43 43 43 43 43 43 43 43 43 43 43 43 43 43 43 43 43 43 43 43 43 43 43 43 43 43 43 43 43 43 43 43 43 43 43 43 43 43 43 43 43 43 
43 43 43 43 43 43 43 43 43 43 43 43 43 43 43 43 43 43 43 43 43 43 43 43 43 43 43 43 43 43 43 43 43 43 43 43 43 43 43 43 43 43 43 43 43 43 43 43 43 43 
43 43 43 43 43 43 43 43 43 43 43 43 43 43 43 43 43 43 43 43 43 43 43 43 43 43 43 43 43 43 43 43 43 43 43 43 43 43 43 43 43 43 43 43 43 43 43 43 43 43 
43 43 43 43 43 43 43 43 43 43 43 43 43 43 43 43 43 43 43 43 43 43 43 43 43 43 43 43 43 43 43 43 43 43 43 43 43 43 43 43 43 43 43 43 43 43 43 43 43 43 
